0.06350217254030308
0.06349156383383102
0.06339972790786896
0.06322660953236958
0.06297219342903639
0.06263650447191592
0.062219607929116384
0.061721609743616256
0.0611426568501972
0.060482937524333535
0.059742681757309436
0.05892216164976307
0.058021691813111224
0.05704162976462603
0.055982376296993396
0.05484437579648907
0.053628116474812935
0.0523341304671588
0.050962993731896916
0.049515325663303175
0.04799178829511267
0.04639308492483427
0.04471995791994432
0.04297318536667288
0.04115357607338968
0.03926196221643874
0.03729918857180882
0.03526609673485791
0.03316350185861424
0.030992157996342282
0.0287527056590339
0.026445590792983944
0.024070936178698838
0.021628330128345457
0.019116463518856732
0.016532469126890343
0.013870622260550199
0.011119493719081296
0.008254619620047287
0.0052136999833039144
0.001736176801834295
1.1824752981227572e-12
5.347506684056701e-12
1.5534377299910274e-11
2.119297396551326e-11
1.947368860034213e-11
3.0914504427594205e-11
1.0049780570242465e-10
1.0197845173500419e-10
1.9421132298360206e-10
2.1620277085387114e-10
2.0464821580174592e-10
1.99331142751641e-10
1.3856024492667423e-10
9.247402344595578e-11
6.822169219983649e-11
4.319570489142801e-11
1.1670219777821124e-11
2.0039511706793627e-11
2.9181410544687364e-12
2.36679118167578e-12
0.00017489808842592662
0.003964457153334036
0.006897221656495997
0.009616703279121702
0.012210012905351465
0.014708516548131373
0.01712642804603254
0.01947083934972288
0.021745373589656867
0.023951789021568387
0.026090774350009314
0.028162378473759065
0.03016625799551682
0.03210182692904495
0.033968350794977974
0.035765007594604714
0.037490928294176856
0.03914522423025457
0.04072700594474376
0.0422353962792631
0.04366953955278064
0.04502860802572603
0.04631180646048968
0.04751837533321414
0.04864759308303831
0.04969877767123161
0.05067128764477805
0.051564522844828514
0.05237792486233321
0.05311097731599434
0.05376320600811466
0.054334178999672425
0.05482350663548607
0.055230841542567397
0.055555878618935066
0.05579835502574273
0.05595805019216741
0.05603478583981799
0.05602842603124732
0.055938877245302644
0.05576608848039606
0.055510051385191966
0.05517080041456987
0.05474841300691346
0.054243009776657365
0.053654754713422965
0.05298385537579421
0.052230563063531965
0.051395172946442615
0.05047802412067945
0.0494794995532537
0.04840002586194542
0.047240072859176585
0.04600015276260551
0.044680818939095854
0.04328266399757233
0.04180631697294654
0.04025243923661618
0.03862171861140483
0.03691486093172306
0.03513257792603732
0.033275569728231015
0.0313444994065992
0.029339955379231578
0.02726239498209717
0.025112057824280873
0.02288882893585642
0.020592014737013272
0.018219959161818688
0.015769345735369835
0.013233824201611774
0.010600992405918257
0.007844569462363527
0.004897458411247811
0.0014651346264788843
7.408315670624974e-13
7.850268837923946e-12
9.549132962660837e-12
2.6413820916101508e-11
3.388466584980989e-11
1.5634828977681408e-11
3.0522859323357735e-12
1.5984233108549614e-10
1.745063378452213e-10
2.7053450610696975e-10
1.6375104960650326e-10
4.0051963313335353e-10
5.481494196505813e-10
7.72453525564293e-11
1.7846428498166506e-10
5.60394000065154e-10
3.2029955851010066e-10
7.330765884349368e-10
1.635461330217103e-10
7.97755332353922e-11
3.543755735375879e-10
2.8285150115932405e-10
9.896464361069393e-11
1.4452065269656864e-11
4.57109668235387e-11
1.7639666990902863e-11
6.047762692653145e-11
8.303681248411958e-11
4.899352761950456e-11
4.172460075357365e-12
2.891664073838333e-11
1.1901399387441861e-11
4.960369117092842e-12
5.074193650374143e-12
5.651365288940846e-13
0.0002023307830564744
0.003065900205333909
0.005219747659031333
0.007160953033130289
0.00896490986351911
0.010660170404249346
0.012260411351079676
0.013772967376854784
0.0152020055570604
0.01654994612951848
0.01781818012171829
0.019007464350875077
0.02011815328458719
0.021150342101031186
0.022103958531113032
0.02297882374533
0.023774693796486793
0.024491288446942917
0.025128311581085853
0.02568546586754066
0.026162463405402955
0.026559033507611837
0.026874928400943715
0.027109927375213238
0.02726383974639616
0.027336506880453415
0.027327803438255954
0.027237637935047427
0.02706595265181777
0.02681272288414031
0.026477955460613607
0.026061686401853454
0.025563977514539905
0.02498491161309929
0.02432458591912564
0.023583102982211702
0.022760558157741688
0.021857022204525282
0.020872516819701804
0.019806979717353384
0.018660213823963594
0.017431811618705415
0.016121039187981037
0.014726652168966911
0.013246590426778
0.011677442360184472
0.010013433286512458
0.00824431288887789
0.0063502463574136485
0.004286124886840664
0.001901935305339999
3.7314662521024625e-13
2.5127140338125847e-12
2.474937042540995e-12
9.186206935495353e-12
1.591026526729093e-11
1.5354081129773104e-11
2.5964817774311165e-11
3.0186543301232137e-11
6.102046668153251e-11
1.2871040448633214e-10
5.2171149559982654e-11
2.0440615004135483e-10
1.6575065259501274e-10
1.330196395548342e-10